510
5
2054
1032
1033
14
15
16
1040
17
18
2066
19
21
1045
23
2071
1052
2081
35
2083
38
2086
1064
45
2093
1071
2095
50
52
1077
55
1079
2103
1080
60
61
63
65
2114
1092
2116
69
71
73
75
76
2125
1102
2126
1103
80
2130
2131
84
88
92
94
95
1122
2146
99
101
2149
103
2151
2152
2154
107
2155
108
1133
110
1135
112
2160
114
2165
2168
2169
2170
2172
126
2176
2178
1155
133
1159
2188
1165
2190
143
2193
1170
147
1171
2195
2198
2204
1182
159
2207
1184
162
1188
1189
167
172
2221
1198
175
2223
2224
1204
184
2233
2237
191
1215
194
1220
198
2247
1226
1231
1235
2259
1237
2263
1240
2265
2266
1248
225
227
1253
237
239
1266
243
2292
1273
1274
1278
2302
2304
1282
265
267
2319
1297
2321
275
1303
1304
2328
281
1306
283
2334
1311
1314
2338
291
293
2343
297
1322
299
1325
2349
2354
307
309
311
2360
318
1342
1343
321
1346
2373
330
334
1358
335
1359
2383
337
338
2390
1367
2391
344
2392
1369
1370
1371
2396
1374
2401
1379
1382
359
1385
362
1387
364
2413
368
1392
2416
2418
375
1399
2423
377
2425
2426
380
381
1405
2429
1406
1407
2433
1411
388
2436
389
2437
2439
1416
1418
1420
2444
1421
398
1422
2446
2447
400
2449
403
2452
405
2453
2456
409
2457
410
2460
413
2462
417
1446
2470
424
1448
2472
425
2474
1453
432
433
1457
435
436
437
1461
2485
2489
445
1472
455
1479
1480
1481
462
2510
465
2515
2517
2518
2520
476
477
1501
2525
480
484
2533
1510
1513
2538
1515
497
2545
2549
503
1527
1529
506
508
1532
510
2559
1537
2563
516
1541
1542
1543
520
1544
1546
2570
523
2571
525
1549
2573
2578
531
2580
535
2583
1561
1562
2586
1563
2588
542
544
2593
547
548
1574
2601
1579
2604
558
559
2610
2611
1590
1593
2621
576
2626
1605
1609
2634
2636
2639
2642
595
1621
2654
607
1631
610
2658
612
614
1639
2664
1641
1645
2669
2673
1655
1656
633
1660
637
640
642
1667
1676
653
1677
1687
664
1688
665
1690
1699
1700
684
1708
685
686
1710
1712
689
1717
696
1727
705
706
708
1733
710
1735
1736
1738
720
724
1751
1752
729
732
1756
1760
1761
738
739
1768
1777
1778
760
763
1787
1788
765
768
1794
782
783
785
787
791
1817
1819
1822
1824
802
1827
1828
1830
1840
823
1850
827
834
1859
1863
840
841
843
856
859
1885
864
866
868
1892
871
875
884
1915
896
1923
1925
1926
1928
905
1935
912
1939
917
1941
921
922
1950
1952
930
1955
934
1959
940
946
1971
949
1973
950
952
960
962
964
1994
1996
1997
2004
2008
988
2015
992
2017
999
1002
2026
1006
2031
2038
1015
2039
1016
1020
2045
5
33
21
37
55
78
