1795
4096
8192
1
8193
4099
11
4108
8204
15
12307
4117
12309
8217
8220
34
12322
4131
4132
4133
4134
12326
4139
12331
8237
47
48
8241
53
12348
61
8257
4162
4164
75
77
4173
8269
12365
4174
12368
81
12369
4178
4184
8280
12376
12377
12378
8283
12379
8284
12386
102
8295
106
4203
8302
4210
4212
117
119
4216
123
8315
125
126
127
8320
8322
8323
136
139
4235
4238
143
4240
4241
4242
4243
4245
154
8347
157
8350
4269
4276
8373
4283
4289
8385
196
8390
8391
4296
4297
8395
4302
210
4308
8411
8422
232
4328
4331
239
241
8436
4341
8439
8440
249
251
8448
257
8449
8450
8451
8452
4357
4358
266
8459
4364
8460
4365
4366
4369
274
8466
8471
281
8473
284
4384
4386
8485
294
8489
298
4396
4401
4404
4405
310
4406
4410
8507
4416
321
8514
4419
4425
330
4427
8524
333
4429
334
335
8527
4432
8528
4445
8541
352
366
4463
8560
4465
8564
373
8567
8568
378
379
383
385
8577
387
4483
388
4485
8581
8585
8586
4492
397
4494
8590
8593
8595
405
8598
8599
8601
410
415
4515
8611
8613
422
423
4522
428
429
430
4528
434
8627
8630
8633
8636
8638
4543
4545
4546
8646
459
464
4566
8662
8664
4571
476
4572
4575
480
481
8673
4581
489
4586
492
497
8692
501
8695
4600
4602
8700
4605
512
8709
8715
8722
8724
533
537
8730
540
542
8734
4640
8737
4645
8744
8745
4651
556
4652
562
8755
4661
571
573
8767
576
8768
4673
579
4675
8771
580
586
4687
4694
4698
8794
4699
4702
610
8805
616
621
624
8816
4722
8819
8822
633
4729
4731
4732
8828
8832
651
4750
656
4753
8849
660
4756
8854
8863
672
674
4771
4775
687
4788
4791
8887
697
4793
698
4795
8892
4806
4807
8905
4818
8915
4820
4821
8918
8921
8930
8932
4838
8935
4844
752
8948
8952
4857
762
4858
8956
4861
4862
8961
770
4866
4867
772
774
8967
778
782
784
8976
4881
8977
787
4883
8980
8982
791
793
4889
4891
8987
4893
4894
803
804
806
4902
4904
4907
813
9012
4917
9017
832
9025
9027
9028
9029
4937
842
4939
9035
9036
9037
846
9041
9045
854
9046
856
857
4957
862
9057
866
4962
9064
879
9079
888
4988
897
900
9092
9094
9095
9096
5002
9098
907
908
5005
912
9104
5010
9119
928
9122
931
5027
5028
934
935
5033
9129
938
940
9137
5043
9139
5044
5049
954
5051
956
5053
5054
962
963
965
966
968
972
5072
977
9171
5080
985
5081
9178
5089
9189
9190
5099
9195
9196
9200
9203
5108
5112
1018
5114
9210
1020
1022
5123
1028
5128
9225
5131
9228
1037
9230
1039
9235
1044
1045
5141
9247
1062
5159
9255
1065
9262
1073
5172
9268
1081
5178
1083
5179
5185
1091
1092
5188
5189
1096
9289
9290
1100
5196
9294
1103
9295
9296
5201
5203
1109
1110
5213
1118
1121
5218
9314
9319
5229
5231
9327
9328
1137
9329
5239
9337
1153
9345
9346
1155
1158
1160
5259
5264
1169
5265
9364
5269
5270
9366
5274
9373
1186
9388
9391
5296
5297
5301
5302
9398
5305
5307
5309
5310
9406
1217
5313
5314
9410
9412
1227
1236
9428
1239
5335
5336
5337
1248
1249
5346
1253
5350
1257
9449
5355
5358
9454
5365
5368
9466
1277
9470
5380
5381
1286
5389
5390
9490
1299
9493
9497
1307
9499
9505
5410
5413
5416
1324
9516
1326
5423
9521
5428
1334
9526
1335
9528
5433
1338
5434
5441
5444
9542
5447
1353
9550
9552
5457
9555
9556
9557
9559
9563
5468
9564
1375
5471
5474
1384
9580
1390
1394
9587
9593
1405
5502
1407
5504
1410
5508
5509
9605
1414
9608
5514
9610
9611
1425
9618
5526
1432
5529
9628
1437
1443
9636
1445
9639
1448
9646
5551
1457
5554
9653
5560
9661
1470
9662
5568
1473
5570
5576
9672
9674
5583
5584
9686
1497
5595
9691
1502
1508
1520
9726
1536
9729
5639
1544
9740
9749
1559
9753
5660
9760
5668
1573
5671
9768
1579
5679
1584
9777
5685
5691
1596
9789
9792
9793
5698
5699
1606
1612
9807
9808
1617
1618
9811
1620
9817
1626
9818
5724
5729
5733
5735
5738
9843
5748
1654
9849
1658
5754
1659
9852
5759
5763
9865
5770
9868
1678
1681
9873
9875
1689
9881
5786
5788
1698
5795
1701
1702
1703
5800
1705
5808
9906
1715
5815
1720
9912
9913
1722
5822
9919
1730
9922
1735
9927
9930
5837
1743
9935
5843
5845
9942
5847
9945
5850
5852
5859
5860
5862
9958
9962
1774
9966
1775
9968
5879
5880
1786
5883
5885
1796
1801
5897
9996
5907
5912
1818
10010
5915
10012
10016
5921
5923
5924
10021
10023
1832
10026
5931
1844
1845
10046
5952
5957
1862
5961
5963
10059
5964
5966
1873
5977
10076
1886
1888
1889
5985
10081
5987
10083
5988
10091
1900
1901
1906
10101
10103
6009
10106
1916
1919
1924
10118
10119
6026
10126
10130
10137
6043
10142
6047
6049
1957
10152
1963
1966
1967
6064
10162
6067
1976
6073
10171
1981
6080
10178
1990
1993
10185
10189
6097
6102
10200
6106
6107
2012
10204
2016
2018
10213
6121
6124
2029
6127
2034
2035
10231
6137
10245
2054
10247
10249
10250
2060
10255
10258
6164
6166
10272
6177
2084
6185
6192
6194
2100
2103
10297
6203
2111
2113
6212
10310
10311
6218
2129
10322
2131
2133
10328
2142
2143
6239
2144
6241
6242
6245
10344
6249
2158
6254
2160
6257
2163
10357
6262
10359
6264
2171
2173
10366
10368
2177
10379
2192
10384
2194
2195
2196
6293
2203
2206
10400
6311
10411
2220
6317
6326
10427
6335
2241
10433
10434
10435
6343
6344
2252
6349
6350
6351
10448
10449
10450
2259
6360
10458
6370
2275
2276
6372
10469
2279
6376
6377
6379
10475
2292
10487
2296
6392
6393
2299
6398
2306
6405
2315
10507
2319
6415
2320
2324
6420
6421
10517
2331
6427
10524
2333
2335
6431
2336
6432
10532
2342
2343
2344
2349
6445
10549
10550
2359
10553
10554
2363
10555
2365
10557
2369
6469
2375
10567
10568
10569
10572
2381
6479
6482
6483
10581
2390
6488
6489
6493
2401
2407
2408
2410
6506
10602
2413
10606
10608
2417
2422
2427
2428
10621
10626
6534
6536
2441
2442
6538
2444
2447
6545
6547
2452
6550
10646
10648
2459
2460
2461
10653
6558
2463
10658
2468
2469
10661
6566
6569
10667
6572
10670
6577
2482
10674
2484
2487
6586
6587
10683
6589
10686
6592
2501
6597
2502
2503
6602
2509
10701
6610
6612
2518
2520
2522
6619
6624
2531
6627
2532
10725
6630
10726
2535
6631
10727
10734
2543
2544
10736
10737
10740
6646
2551
10743
2552
10745
10747
2556
2559
2560
2562
10754
6659
6667
6672
2577
2579
6676
2588
10782
6688
10784
6689
10789
2599
10793
10796
6703
6704
2609
10802
10813
10817
6722
6731
2637
6733
10829
2640
6736
10836
10837
10844
10850
6757
2662
6760
2665
6763
2670
6766
6770
2676
6772
6773
2678
10874
2687
10882
10885
6793
6795
10892
6798
2708
6805
2712
6808
2715
6814
6815
6816
2721
2722
6821
2733
6831
2737
2738
2742
10934
6847
10945
2756
10948
10949
2758
10952
6857
10954
10955
10957
6864
6867
2772
2773
10967
10968
10970
10971
6879
2784
10977
10978
2787
6884
10980
2789
6887
10983
2792
10987
10989
2798
6894
2801
6898
6901
11004
11006
11009
6915
6917
6918
2826
11018
2827
6923
2828
11021
2831
2834
6932
2841
11034
6939
6940
2845
6941
6945
11041
2851
11044
11046
2858
11051
11052
2863
6959
2865
6962
11062
6968
11071
2882
11076
6981
2886
11078
6984
2889
11083
2892
6989
2894
6991
6994
11090
2900
6997
2902
11094
2908
7007
11104
7012
2925
7022
2930
11124
2935
2936
7033
2938
2942
11134
11136
2947
7043
2948
7045
11143
7048
7050
2955
7053
7060
11158
2967
7067
11164
11166
2981
7077
2984
2987
2988
7088
2993
11185
2997
11192
3007
7103
7107
11203
11204
11205
11207
11211
3023
11215
11219
11220
3030
7126
11223
3037
7133
11229
3039
7140
11236
3046
11238
7144
7146
3052
11244
3054
3056
7155
11256
3067
11259
3076
3077
7174
11274
11276
11277
7182
7183
11282
7188
7190
3097
7194
11293
3103
7199
3106
7206
11304
7209
7211
11307
3119
3120
3122
3125
7221
7224
3132
3136
3139
7238
3144
11344
3153
3154
3155
11350
3159
7256
3162
3166
3171
11364
7269
7270
11371
11372
7279
7281
3186
11386
7294
11397
7302
3208
11400
7305
3212
11412
7320
3225
3231
7330
3237
7336
3241
3242
11438
3249
7345
11442
7350
7352
3257
7356
3261
7357
3262
3263
7362
7365
3274
3275
7371
11467
7373
7374
3283
11476
11478
3288
11482
11485
11486
3295
7391
3297
7398
3304
3307
7405
3310
7409
11506
3315
3320
11512
3323
11515
3326
3329
3332
7431
11530
7439
11538
7445
11542
3351
7449
11546
3362
11554
7466
7467
11564
3373
11569
11571
7477
11573
7480
11576
7481
11577
7482
11582
3392
7489
11585
11587
3400
7497
3403
3406
7502
11598
11600
3411
11603
11607
3422
11616
3426
3430
7526
7527
3432
3433
3435
3437
7536
3442
3448
7546
3451
7552
7553
3459
3461
7557
11653
3465
11657
3467
3468
7565
3471
7567
11668
3478
7574
11672
3482
3496
11690
7595
11691
11693
3510
7609
7610
11707
7612
7614
7617
11716
7621
3526
11720
7625
3530
7631
7632
3537
7633
11729
3538
7634
11731
11733
3542
7638
11734
7639
3548
11740
3555
7652
11748
7653
11749
7655
3563
3566
7662
11759
11760
3570
7668
3578
11773
7680
11776
7681
11777
11778
3589
7685
11783
3592
7691
11792
7699
7702
7703
3608
11801
3617
11809
11811
3620
11814
7719
11816
7722
3640
11837
7742
3649
11841
11847
11848
3660
11871
11875
11877
11884
7789
7794
11890
3701
7798
3707
3709
3713
3715
3720
3722
3730
3731
7830
7833
11929
11931
11942
7848
3753
11945
3754
11946
11948
11956
3766
3768
11960
7868
3773
7869
3776
3781
7877
11973
11974
7880
3787
7885
3790
7887
3793
3794
11994
3810
12002
3817
7916
3823
12016
7928
3836
7932
7933
12037
12039
12040
7948
12044
3860
7960
7963
7965
7970
7973
12070
12072
3882
3884
7980
3885
12079
3891
12083
12085
12088
7993
7994
3901
12100
8005
12101
8006
12104
3919
8018
12114
12116
3926
3929
3931
3932
3934
8030
12127
12128
8034
3939
3942
12135
3945
12138
3950
12142
12147
8053
3958
3960
12153
12154
3963
8060
8067
8068
8071
12170
12176
8081
12178
8085
3992
8090
8095
12192
12197
12200
4010
8112
8115
12213
12218
4029
12221
8132
12229
4040
8136
4043
8142
8147
12246
8153
8155
12256
12257
8163
12262
8167
12265
4078
4080
4084
12278
8183
4094
8190
11
384
1
2
98
69
199
11
76
140
398
367
