390
7168
5123
7171
1028
1029
6149
3082
4106
7178
6159
16
20
2068
7188
7189
5147
2076
1053
6173
5150
5155
3109
5162
2093
5166
7215
5169
5177
1086
3137
6210
69
1094
3142
7238
78
80
4176
6224
7248
3159
1112
2144
6241
6246
2156
4207
3189
6262
7286
5239
7288
7289
2171
3201
2180
135
4231
2184
4237
1167
5265
3223
2201
1178
3226
1182
7327
7330
167
3239
5289
6315
6316
1198
1201
2225
1204
7350
1211
5307
7356
5312
4290
3268
2245
5323
204
1230
4304
5329
2271
4321
1250
228
1255
3308
2285
4336
4338
1269
250
3322
1275
4349
1282
4359
1290
4365
270
1296
5393
2323
2324
4374
1306
3355
4379
6430
3360
1315
294
3368
298
299
3375
5423
3376
2353
1331
4403
4405
6456
2362
315
316
6462
3402
4427
5451
338
3410
343
5463
6489
1372
1380
5478
360
4462
6511
1393
2417
5489
370
2418
4467
3446
5494
5503
6530
4487
6537
6538
4492
6540
1422
1429
3479
410
2458
5532
413
414
6558
3488
4515
426
2474
4525
4530
6580
1463
6591
3524
4554
3538
6610
4564
4569
474
5594
6622
1503
480
5606
6633
3562
3567
2548
501
5623
6648
3577
5625
3578
4605
4608
2564
4612
1541
4615
3593
4618
2572
4623
2576
6673
3603
4627
535
4636
6686
3615
4642
1573
5670
2599
4649
1584
3632
4657
3634
5682
6706
4660
5688
4665
1597
4669
6720
4673
1602
3650
1605
6725
584
3658
1616
595
6739
2648
609
6753
1642
620
4717
1648
4722
5748
1654
2681
6778
4740
648
2698
1677
2701
5777
6801
5778
2707
3738
6817
1711
2736
3760
1720
6842
1727
4801
717
3791
1744
1745
723
4824
729
6873
6876
5857
2788
741
4838
744
3818
1771
5867
749
3821
6895
3831
1789
2814
4863
5890
2820
4869
4876
1807
2831
3856
5904
5906
3860
6938
3869
6941
1822
799
6950
809
4906
811
4908
6956
4912
823
2871
824
5945
1856
833
5953
5955
6991
2897
1875
1880
7004
5982
3935
866
7013
4969
4970
881
2929
883
2933
3960
3961
2938
4987
895
897
3970
1923
901
4999
3980
1940
918
6038
7062
5027
4004
4009
4014
953
6074
7101
3006
5056
1986
1987
4036
5067
980
983
987
2013
7138
7141
5105
6129
4090
3067
1020
4094
3
353
10
27
