1301
2
4100
6
4102
6153
10
2061
2062
8206
4111
8210
8211
4117
2070
8216
4122
27
4125
2079
6175
8223
6176
6177
8227
4133
39
40
8234
4140
6189
2094
4144
8240
49
4145
6197
8245
54
4154
8250
6204
64
8256
4164
6213
71
6216
8267
6222
4176
81
4178
8275
4180
8277
4182
6230
4183
89
2137
8284
93
2142
6238
4191
8287
96
8290
8292
2149
102
4198
103
6247
6251
108
2156
6253
110
4206
6256
4209
2162
4211
2168
4216
8314
4220
8316
4221
6269
6270
6271
8319
4225
4226
6276
135
6280
137
8330
2187
140
4236
6285
4240
8336
146
153
2202
2203
4251
8347
6301
8349
158
4258
4264
6314
8363
8365
6318
175
6319
176
6321
6323
8371
181
4278
2233
4281
2235
190
2239
194
6338
6340
198
2246
4294
4296
201
2249
203
2251
206
2254
2257
210
213
219
2267
222
2270
4321
228
232
2280
233
6381
4335
6383
6386
243
6387
244
4341
6389
246
248
4345
2298
6394
2300
254
2302
4352
4353
6401
259
261
2309
263
6411
2316
269
4367
2320
6419
6422
281
2329
4377
6428
2335
4384
4385
4386
6438
2344
2345
298
299
4396
303
2351
305
2353
6449
2354
4402
308
4404
2357
4405
6457
4410
6458
315
6466
2372
326
329
6473
4428
4430
4431
6479
4432
338
2386
2387
6489
2400
353
356
6500
357
2405
4456
365
2419
6518
6519
377
6521
2427
4477
6526
383
4481
4484
4485
391
394
6541
4495
2449
4497
4499
6549
406
2455
2456
4507
6556
2461
414
2462
4510
2464
420
422
2471
2472
427
6571
2478
431
432
4529
6577
2482
6578
6579
4532
6580
4534
439
2487
6583
4536
443
448
4548
6603
4557
2510
4559
2512
4560
468
470
6616
475
2524
479
2529
6627
4580
487
2538
6636
4589
496
2546
499
2547
2549
6647
504
6648
508
2556
6657
6658
4613
6663
6665
522
2570
2573
4622
2576
6672
6673
6674
6675
4628
533
2582
4630
4631
6679
2587
6684
541
4637
6689
4642
6691
2596
6692
2597
4645
550
552
4649
554
556
6700
6702
567
6711
2618
4666
2619
6715
573
4675
581
6725
2630
6726
584
2634
2638
6734
4689
2642
4690
595
596
4693
2647
4695
6743
2648
2649
6755
6756
2662
2663
617
4713
618
619
6765
624
2672
4724
629
4725
2678
6775
6776
2682
2684
6780
637
639
4739
644
6788
645
2693
647
4745
4747
6798
2703
4751
4752
4759
6809
2714
6812
669
2717
672
2720
2721
674
4770
2726
4776
4783
6834
4787
2740
6836
2741
4789
2747
6843
6848
2753
6849
4803
6851
708
6852
4805
710
712
2760
714
2762
6858
715
2763
4814
6865
2770
6867
724
4821
6870
731
4828
733
2783
4833
2786
6883
6884
6885
4840
745
2793
6890
2801
4849
2803
4851
2804
2805
6902
2808
4857
6905
6906
4859
6907
2812
6909
767
6913
4866
774
2822
6919
776
2829
6926
784
4882
6931
2841
795
4891
4893
2847
2850
2853
4902
6951
4904
6957
2866
6962
2867
2870
6966
6967
824
4920
6968
825
4922
2875
4923
828
4924
829
4925
4926
2879
835
4931
836
838
4937
842
6986
4942
847
4945
2898
4947
2901
6997
854
7000
2905
2906
859
2907
7004
7006
2911
864
7008
2913
866
4963
4965
4966
4967
7016
7019
876
4972
883
7029
7030
4983
4986
4987
4989
894
4990
895
7039
2944
897
7043
2953
2954
5002
2955
5004
7052
7053
910
2958
2959
7057
915
7060
7063
921
2971
5022
928
7073
931
932
934
937
2985
938
939
2987
7083
940
5038
2993
5041
3000
5049
3004
959
3007
7103
3008
961
3010
963
7108
965
966
3016
970
5066
3019
7116
7118
7119
977
5073
5074
979
3027
5077
986
988
7134
5087
5089
999
7145
5102
1007
5104
7155
5113
7161
3067
3068
1022
3070
3074
5123
7172
3081
1036
7184
5138
5140
3094
3095
5143
5144
7194
3099
3101
7198
7201
3108
1062
3111
1064
7209
7212
5165
7214
1076
1078
3127
5175
7223
5177
5184
5186
3140
5188
5189
3143
3147
1102
3150
7246
1104
3152
1108
3156
5204
1110
7255
1114
5211
5212
7261
5215
1120
7266
7267
5221
3174
3175
3177
5226
5229
7278
5231
3184
1139
5235
7284
3189
5237
3191
5239
5241
7289
5242
5246
7294
1152
3200
7298
3204
7300
3210
7306
1164
7308
5261
5262
3216
5264
3217
1170
5267
5268
1173
3221
3224
5272
7323
5276
3230
1183
1184
5280
1186
5284
7332
7333
1191
7335
1192
1195
5293
1198
5297
7346
3254
3256
7353
7354
7356
5309
1214
5310
3263
1216
7362
3269
1222
7366
1224
5320
1226
5323
1228
1229
7373
1231
5327
3281
1234
3285
5334
7383
3290
5345
7394
1252
1254
1256
5355
3311
5364
7412
1269
7416
1273
3322
7418
1275
5371
1276
5372
5374
1279
5376
3329
3331
3333
7429
1286
7430
3335
7431
5385
7433
3340
7436
1293
1297
7441
7442
7443
1306
3357
7453
7455
3362
1316
1318
3366
3367
3369
5417
7466
1323
5419
7468
5425
3378
5426
1333
7477
1334
3383
1336
1338
7485
1345
7492
3397
5445
1352
7500
1357
5454
7502
3409
7507
7509
5462
7510
5464
5467
5469
7517
1377
7533
3438
3439
7535
5488
3445
1399
5495
5496
3450
7546
1403
7550
7552
7553
7554
3462
7558
7560
5514
3467
5516
3470
5519
1426
3479
7576
5531
1437
3485
5534
1440
3488
5536
3492
3497
3498
1452
1454
3507
3509
7606
7607
3512
5560
5564
3519
7616
3521
7617
1474
1476
7622
1480
1481
5580
7629
7630
1488
5587
1493
3541
7638
7639
3545
3547
1502
7646
1503
5599
7647
3553
1507
3555
7652
5605
1510
5606
3559
5609
5612
5614
3568
5616
5618
1524
1525
1527
5625
3578
5628
1537
5633
5635
1541
3593
5642
7691
1548
1550
1552
5648
1553
5653
7701
3615
1571
3620
5668
1574
5670
5671
1580
3629
5677
3631
3637
1591
5690
3644
7740
3645
1598
3646
3649
1603
3651
5704
5705
5709
7759
1618
5714
3667
7768
1625
1626
3674
1629
5725
3678
5726
3679
1633
7778
3684
1638
5736
7785
3690
1643
1644
3692
5740
7789
5744
5745
5748
7796
7797
1657
1658
3708
1661
3709
7806
7810
5763
3716
7812
3717
5766
5767
7815
1672
5768
7817
7822
5777
5779
1684
1690
3741
3742
3745
7841
1699
1701
7846
3755
5804
1712
5808
1713
1715
1716
5812
5813
1719
3768
5816
1722
1723
5822
5823
7872
3777
3779
1736
5837
3790
7886
3791
3794
5845
5846
3800
5848
7896
1753
3801
7898
1757
1759
5855
3808
5856
1761
5859
7907
5861
1766
7912
3817
7921
1780
1783
3832
1785
1786
3836
5884
1789
5885
5886
7936
7938
3844
1797
1798
7942
1800
3848
3849
3850
5898
1803
7948
3854
1807
3856
7953
1811
3859
3861
1817
1818
1819
3867
3868
5917
7966
3871
7969
3874
5922
7971
5926
7974
7975
1833
3881
5930
1835
7981
1839
1840
1841
3892
5940
3894
3895
7991
1848
5945
7993
3898
5947
7995
1854
3903
3909
3910
5961
8009
8010
8014
5967
5971
3924
3925
3927
3929
5978
8029
1886
8031
5986
1895
1896
8042
3947
3950
8047
3952
6000
6001
8052
8054
1911
3960
6009
1915
1917
6018
8066
3972
1925
6021
6024
1930
8076
6029
3982
8081
1938
8082
3987
6036
8084
6040
8090
6044
3997
8095
4002
6050
4006
6055
1962
6058
8107
1964
1966
6062
1971
8116
6072
6075
8124
6077
8126
1984
6080
4033
1987
8131
1989
1993
1995
1996
1997
2001
8145
4051
4052
8148
2006
4054
8152
8154
6108
2015
6111
2016
4064
4065
8161
2019
4076
2030
8176
2034
2036
4085
4088
2042
6139
8189
2046
4094
13
69
101
389
9
396
77
311
343
26
314
124
253
31
