244
1024
2
7
8
1033
1036
2065
18
1044
535
1559
24
1049
1050
33
1060
37
40
552
1065
1072
1589
1078
1080
1592
2104
1083
60
1084
574
63
575
2111
580
1611
1100
2124
77
590
79
592
1105
1107
2133
599
1113
606
95
1632
97
2147
1636
1127
105
1130
2154
1132
2160
628
2164
630
2166
120
1657
1147
637
642
1154
644
1668
2181
2183
1672
138
1168
1169
1681
1171
148
660
661
151
663
1175
679
1705
682
1196
1708
1710
1203
1205
1719
1720
189
703
1215
1221
710
713
1737
1738
1740
206
1231
1743
1234
1245
1757
224
1251
745
1257
234
1773
756
247
1273
251
1788
1277
1793
772
1797
263
776
777
1803
268
787
1812
277
789
1304
793
282
1308
1309
1823
1826
804
805
297
814
1327
1839
1328
306
818
308
313
1849
1850
1343
321
833
1345
323
1859
329
841
1866
1867
1868
1869
847
850
344
1379
1892
869
1381
1894
1900
877
1901
879
1394
371
1396
1911
377
1914
1915
380
382
1920
388
389
901
1933
1423
401
1425
405
1942
1431
1432
1945
1438
1439
928
419
421
937
426
428
1965
430
1454
432
944
946
1972
1465
1980
448
1984
451
963
1475
1990
2001
2002
2004
2005
471
986
2010
475
1500
2012
1000
1521
2034
502
2038
1017
507
508
1020
509
1022
1534
12
32
81
99
163
4
84
7
151
138
59
47
95
