184
513
1282
774
1542
520
1544
524
2060
14
1806
1553
20
1045
534
1046
2070
24
536
537
282
1820
543
799
801
34
547
1315
806
1830
296
1065
555
301
1069
2094
2095
817
1331
1587
2099
565
1589
825
826
60
1340
829
318
2110
831
2114
1353
586
842
2122
1612
1868
334
1616
2128
81
1361
339
2131
340
2132
341
87
600
857
1625
1626
1883
1119
352
608
1377
356
1124
2149
1382
2150
1384
107
1131
108
2156
1645
366
623
1394
1395
1653
1910
375
1145
634
1661
132
1412
389
1414
2182
393
2185
141
1167
2191
144
402
1939
1431
1688
1178
1182
1183
2209
1954
2211
676
2214
1703
681
2219
428
1708
1454
1966
2222
431
1199
178
179
947
1974
1976
1468
957
1981
962
1219
1477
1733
710
1479
1737
1227
460
1484
1485
1231
722
1746
979
2004
1237
1750
215
984
729
985
475
988
2019
1764
1509
1254
487
744
2025
1002
1258
2030
1777
1778
243
756
501
2037
1527
248
1016
1275
2043
1
38
