170
0
1
769
260
519
778
779
12
268
524
15
272
1040
17
18
786
532
534
24
25
538
794
283
1051
540
797
798
287
800
290
35
37
549
551
41
42
810
811
814
47
1071
305
561
563
819
1075
1076
53
823
57
569
570
826
59
316
829
318
574
63
575
832
577
1089
67
579
580
69
325
581
326
71
585
1097
1098
333
589
846
847
849
84
598
89
601
349
861
350
863
98
612
868
358
107
365
366
878
882
629
887
120
893
126
384
129
642
899
644
133
392
140
141
398
655
911
144
913
146
914
661
917
150
152
664
920
923
926
417
162
677
424
683
172
941
947
184
696
952
185
441
189
701
191
193
965
200
202
460
972
461
973
720
977
214
729
732
221
989
224
995
741
232
238
1007
240
1011
756
245
1015
764
1021
767
2
35
53
